version https://git-lfs.github.com/spec/v1
oid sha256:9c6200b4867a31a12f218770b7e8a2fbad5c8822dfaf9a323bca42567f6581f0
size 689034
